200
296086962
909390328
433353299
317428879
43705852
35191019
718210903
769881421
436841407
7485601
51891466
235574299
488876951
974684689
397609902
799316622
742325664
167548910
179510591
817334436
822463650
942759932
851433287
642028992
987346151
933346237
532989672
391192987
883368451
306536120
100098730
31971765
215926448
385968382
349400645
259632300
273675753
67611548
882030074
710517160
75097150
933921540
946091459
416490453
908606229
196217713
215807075
503448246
363766623
395317666
173299034
38746625
190593951
24732321
680775617
30456454
810594910
66281642
421649441
546479713
372817762
521748171
578451479
588744211
907716553
927852124
700892863
33908658
847980024
582922937
744425819
775593526
369360830
543033630
192083979
130483411
739251344
260407407
633931657
103017967
655725073
807230691
141764593
698835376
684479364
675056562
729291830
347590626
741338204
150941271
894070340
114155967
525205795
472521819
555416530
285438700
252890295
256309393
319347359
100870319
691748683
63773178
876463846
61109513
459323160
921064177
191592924
51090856
181471584
678040934
6625176
689713010
337787977
906121
388548386
22267342
675962683
117840217
222374320
269817240
121297840
116444660
383973207
646503635
441482831
939389737
931942336
694373126
48215482
103806047
795243446
739964165
20095577
524223644
653590030
479418737
297804173
845182955
383025946
479275758
375740241
389651122
21505120
713528218
243073595
410053506
588311912
919036278
380410075
810686233
41369870
354224268
927130893
425343077
727903
221130077
217249166
785186591
915503203
117981001
888992638
563263001
857945166
909088215
87486645
364051549
241023305
237807171
61750856
624049251
717082929
437491097
866216725
738588049
151019315
109290320
1157907
739331228
880842950
234084335
402533813
922212821
588308603
182181058
200072250
441552858
403311135
417321417
79255802
318814339
535302418
968248440
882077340
245763936
729853008
822080338
609815485
823392665
59887509
671566341
